#Position (bp)	insert size	chromosomes
78782.5	178.6691604322527	0.0
236346.5	182.5266425245732	394.0
393910.5	184.8030462184874	0.0
551474.5	185.06687730384414
709038.5	186.57980282440715
866602.5	186.7095212479828
1024166.5	185.57127991675338
1181730.5	182.779042690815
1339294.5	184.7037908496732
1496858.5	182.5823598130841
1654422.5	182.54593639575972
1811986.5	186.06900358818658
1969550.5	185.81043807463493
2127114.5	184.48069133135294
2284678.5	184.08309305373527
2442242.5	183.03059372569354
2599806.5	183.79495268138803
2757370.5	185.65960868399893
2914934.5	182.41738002594033
3072498.5	186.55107526881721
3230062.5	186.42688172043012
3387626.5	181.84258760107818
3545190.5	180.4082416176094
3702754.5	190.01616438356163
3860318.5	185.54510661563697
4017882.5	183.22114882506528
4175446.5	186.46951724137932
4333010.5	182.47231436590968
4490574.5	180.089498189343
4648138.5	182.04492034473753
4805702.5	184.22110416100082
4963266.5	182.6465724193118
5120830.5	183.8812630480167
5278394.5	181.98208427958616
5435958.5	183.0917665052256
5593522.5	182.98159831756047
5751086.5	182.95408931259408
5908650.5	181.908447265625
6066214.5	182.61894900336526
6223778.5	179.38376383763838
6381342.5	178.83013914413232
6538906.5	179.74372384937237
6696470.5	180.7966915688367
6854034.5	179.74097035040433
7011598.5	177.94492111818434
7169162.5	178.92061319463454
7326726.5	178.38620885357548
7484290.5	176.93401302747097
7641854.5	177.30963753863446
7799418.5	179.0
7956982.5	179.07845303867404
8114546.5	177.68152524167562
8272110.5	178.81612021857924
8429674.5	178.34691599218533
8587238.5	178.76190476190476
8744802.5	179.78386481330062
8902366.5	180.57779014750903
9059930.5	180.5640608034745
9217494.5	179.31556442417332
9375058.5	180.7015326700726
9532622.5	181.56106975461813
9690186.5	180.3229083132852
9847750.5	178.94125758411474
1.00053145E7	178.41851547521227
1.01628785E7	181.10526315789474
1.03204425E7	179.95710817372537
1.04780065E7	180.96477035490605
1.06355705E7	182.48992547612477
1.07931345E7	180.37506547930855
1.09506985E7	180.09404388714734
1.11082625E7	179.55150040551501
1.12658265E7	179.93901780895845
1.14233905E7	178.90027777777777
1.15809545E7	179.0743280307186
1.17385185E7	179.03149821966585
1.18960825E7	181.2005706134094
1.20536465E7	179.83958151700088
1.22112105E7	179.1587828492393
1.23687745E7	178.17561925967158
1.25263385E7	179.06820622986035
1.26839025E7	179.3951909476662
1.28414665E7	181.0591891891892
1.29990305E7	179.8901687650683
1.31565945E7	180.40412819120044
1.33141585E7	180.70825541009884
1.34717225E7	178.41
1.36292865E7	179.98288572933123
1.37868505E7	181.05121436114044
1.39444145E7	178.74061990212073
1.41019785E7	177.33287216380742
1.42595425E7	178.27647714604237
1.44171065E7	177.51605758582502
1.45746705E7	178.1962774957699
1.47322345E7	178.8493455861877
1.48897985E7	180.10273224043715
1.50473625E7	179.20521262002742
1.52049265E7	178.9105516871987
1.53624905E7	179.41805745554035
1.55200545E7	179.93301049233253
1.56776185E7	179.64781276121482
1.58351825E7	179.31661853504858
1.59927465E7	179.86088551218234
1.61503105E7	181.97540077390823
1.63078745E7	182.4830852503383
1.64654385E7	181.02400863231725
1.66230025E7	182.12793952967525
1.67805665E7	179.71073477192024
1.69381305E7	180.16385609893197
1.70956945E7	180.04851904090268
1.72532585E7	180.46373268133658
1.74108225E7	182.6366500393804
1.75683865E7	184.49204208254653
1.77259505E7	186.33894736842106
1.78835145E7	185.4931400465959
1.80410785E7	183.2588888888889
1.81986425E7	181.59603174603174
1.83562065E7	180.51756007393715
1.85137705E7	181.33868046571797
1.86713345E7	182.95720780957475
1.88288985E7	182.2382576751509
1.89864625E7	181.66466597077243
1.91440265E7	180.21604248183343
1.93015905E7	183.72510706638116
1.94591545E7	184.05032119914347
1.96167185E7	184.22394856683633
1.97742825E7	182.50595882990248
1.99318465E7	184.04213715229963
2.00894105E7	179.89617486338798
2.02469745E7	181.3723233404711
2.04045385E7	182.96841541755887
2.05621025E7	180.09919232710752
2.07196665E7	182.36761658031088
2.08772305E7	183.68235294117648
2.10347945E7	182.15745708154506
2.11923585E7	182.01853813559322
2.13499225E7	178.63275167785235
2.15074865E7	182.1904761904762
2.16650505E7	181.78367911479944
2.18226145E7	181.70521353300055
2.19801785E7	179.59093452714046
2.21377425E7	177.8281423804227
2.22953065E7	181.91000865301413
2.24528705E7	182.03400971706202
2.26104345E7	182.56654102638447
2.27679985E7	183.6056657223796
2.29255625E7	181.72622720897616
2.30831265E7	185.9616493656286
2.32406905E7	184.85868661679135
2.33982545E7	183.43765347885403
2.35558185E7	183.89450305385895
2.37133825E7	184.42423420981297
2.38709465E7	183.32868852459018
2.40285105E7	184.11005320638478
2.41860745E7	181.64231525709468
2.43436385E7	183.03252466009064
2.45012025E7	184.54843073593074
2.46587665E7	186.25734463276837
2.48163305E7	186.11350768401186
2.49738945E7	186.5279367675116
2.51314585E7	184.26767151767152
2.52890225E7	187.06763157894736
2.54465865E7	184.22334609075997
2.56041505E7	182.8254583010586
2.57617145E7	183.69494494494495
2.59192785E7	180.18574741724646
2.60768425E7	180.49872655707338
2.62344065E7	179.32912142152023
2.63919705E7	186.35971223021582
2.65495345E7	0.0
2.67070985E7	0.0
2.68646625E7	0.0
2.70222265E7	0.0
2.71797905E7	0.0
2.73373545E7	0.0
2.74949185E7	0.0
2.76524825E7	0.0
2.78100465E7	0.0
2.79676105E7	0.0
2.81251745E7	0.0
2.82827385E7	0.0
2.84403025E7	0.0
2.85978665E7	0.0
2.87554305E7	0.0
2.89129945E7	0.0
2.90705585E7	0.0
2.92281225E7	0.0
2.93856865E7	176.09157330735508
2.95432505E7	178.848368226601
2.97008145E7	179.10363887609395
2.98583785E7	182.3576621110788
3.00159425E7	182.92135739294372
3.01735065E7	186.49986577181207
3.03310705E7	184.27496159754224
3.04886345E7	187.3406565003877
3.06461985E7	186.29950687775758
3.08037625E7	185.8158738642437
3.09613265E7	182.29633427326326
3.11188905E7	189.30781983973472
3.12764545E7	186.9524073049253
3.14340185E7	185.75978090766824
3.15915825E7	187.79701651571656
3.17491465E7	186.02551960010524
3.19067105E7	186.4050471577874
3.20642745E7	184.08962011771
3.22218385E7	185.62149285336156
3.23794025E7	186.04750530785563
3.25369665E7	185.38810561394513
3.26945305E7	184.04900181488205
3.28520945E7	185.02649337665585
3.30096585E7	180.1986531986532
3.31672225E7	183.88573743922205
3.33247865E7	182.3960113960114
3.34823505E7	184.352068696331
3.36399145E7	185.07586393088553
3.37974785E7	185.20523193096008
3.39550425E7	183.7062757201646
3.41126065E7	186.92916332531408
3.42701705E7	182.69702457956015
3.44277345E7	182.90916149068323
3.45852985E7	185.28058476532445
3.47428625E7	187.33333333333334
3.49004265E7	186.27423935091278
3.50579905E7	188.65417789757413
3.52155545E7	186.27601078167115
3.53731185E7	184.55697170532756
3.55306825E7	186.25412195760273
3.56882465E7	182.67247119078104
3.58458105E7	184.42980508265484
3.60033745E7	190.00974967061924
3.61609385E7	186.75663495242864
3.63185025E7	183.7877288471054
3.64760665E7	185.04609645616839
3.66336305E7	183.38418972332016
3.67911945E7	186.12277534175908
3.69487585E7	186.84698492462311
3.71063225E7	182.64152352501867
3.72638865E7	186.1242529880478
3.74214505E7	185.23201211815197
3.75790145E7	184.15695538057741
3.77365785E7	185.59698731501058
3.78941425E7	183.81246712256706
3.80517065E7	180.5320841889117
3.82092705E7	181.25650657365173
3.83668345E7	179.9180418041804
3.85243985E7	181.12381703470032
3.86819625E7	179.47191908437583
3.88395265E7	181.35708502024292
3.89970905E7	181.54850948509485
3.91546545E7	183.1788491446345
3.93122185E7	184.2876117496807
3.94697825E7	184.9672049689441
3.96273465E7	182.86752866552817
3.97849105E7	183.3551401869159
3.99424745E7	183.94550063371355
4.01000385E7	181.61891480730222
4.02576025E7	181.61035207567
4.04151665E7	181.68230111427832
4.05727305E7	182.079904433236
4.07302945E7	185.08879379513237
4.08878585E7	181.62984178941625
4.10454225E7	181.5423539278725
4.12029865E7	181.1879572312887
4.13605505E7	183.55058043117745
4.15181145E7	182.7425393380358
4.16756785E7	182.38641364136413
4.18332425E7	183.98968512486428
4.19908065E7	183.80302226935314
4.21483705E7	185.2146457946405
4.23059345E7	185.36691410392365
4.24634985E7	183.58948751642575
4.26210625E7	186.17498686284813
4.27786265E7	185.9635149023638
4.29361905E7	185.5509814612868
4.30937545E7	185.61697877652935
4.32513185E7	185.63328859060402
4.34088825E7	186.11529411764707
4.35664465E7	181.6983842010772
4.37240105E7	181.7535605289929
4.38815745E7	183.19994806543755
4.40391385E7	184.81856429134893
4.41967025E7	181.95385422129
4.43542665E7	181.6897449245185
4.45118305E7	188.1232375979112
4.46693945E7	186.39832941790655
4.48269585E7	188.6846113445378
4.49845225E7	187.68378093733543
4.51420865E7	182.85528756957328
4.52996505E7	184.84828320468458
4.54572145E7	183.49189606380241
4.56147785E7	184.88999750561237
4.57723425E7	184.2618115374576
4.59299065E7	184.68045297882816
4.60874705E7	184.2140633108459
4.62450345E7	182.71297709923664
4.64025985E7	186.86607142857142
4.65601625E7	186.3530310748854
4.67177265E7	185.4914757591902
4.68752905E7	186.3831573246683
4.70328545E7	185.43391719745222
4.71904185E7	188.98768472906403
4.73479825E7	187.35467980295567
4.75055465E7	184.77945696721312
4.76631105E7	181.91612748622094
4.78206745E7	183.72984293193718
4.79782385E7	185.9501163091238
4.81358025E7	186.19724655819775
4.82933665E7	183.9369486248054
4.84509305E7	184.75952260030473
4.86084945E7	187.40419732897246
4.87660585E7	187.29128065395096
4.89236225E7	188.7567004944054
4.90811865E7	186.17044881492689
4.92387505E7	187.57763812516365
4.93963145E7	185.49109752856762
4.95538785E7	183.5739692805174
4.97114425E7	185.3780104712042
4.98690065E7	185.03623188405797
5.00265705E7	187.19041206571507
5.01841345E7	186.36676940319418
5.03416985E7	184.67958950969214
5.04992625E7	183.52642159678345
5.06568265E7	182.7190357439734
5.08143905E7	182.30428807036833
5.09719545E7	181.23510638297873
5.11295185E7	180.5620680121648
5.12870825E7	180.4131632357205
5.14446465E7	180.8340988921913
5.16022105E7	181.9344476364586
5.17597745E7	181.7112202688728
5.19173385E7	182.4880683245416
5.20749025E7	182.16987426225302
5.22324665E7	181.88736118455844
5.23900305E7	182.21393880524528
5.25475945E7	182.33358171882762
5.27051585E7	182.54428818159388
5.28627225E7	180.46465428276574
5.30202865E7	178.75706066945608
5.31778505E7	180.90045983229646
5.33354145E7	179.81084101704386
5.34929785E7	178.1355362643517
5.36505425E7	178.99513312338965
5.38081065E7	178.98783936651583
5.39656705E7	178.17328116266071
5.41232345E7	179.1709019826864
5.42807985E7	179.51295774647886
5.44383625E7	179.32946298984035
5.45959265E7	180.4792377701934
5.47534905E7	183.14769471216462
5.49110545E7	183.2622820919176
5.50686185E7	183.7724660397074
5.52261825E7	186.24753018660812
5.53837465E7	186.01148137776534
5.55413105E7	185.0601092896175
5.56988745E7	187.12047200878155
5.58564385E7	185.4891304347826
5.60140025E7	187.42594033722438
5.61715665E7	187.81121495327102
5.63291305E7	187.36196319018404
5.64866945E7	187.18250134192164
5.66442585E7	185.36273723603315
5.68018225E7	183.8749673714435
5.69593865E7	182.3829293450232
5.71169505E7	186.33957654723127
5.72745145E7	185.82012114827495
5.74320785E7	184.18916734033954
5.75896425E7	182.4087142475274
5.77472065E7	183.63513870541613
5.79047705E7	185.54052617592347
5.80623345E7	183.72202750067405
5.82198985E7	185.74266554903605
5.83774625E7	184.61832272349847
5.85350265E7	179.3483114708345
5.86925905E7	183.28937931034483
5.88501545E7	184.69503348214286
5.90077185E7	182.65217391304347
5.91652825E7	182.07194848824187
5.93228465E7	182.527664531159
5.94804105E7	183.1930819393252
5.96379745E7	186.13956834532374
5.97955385E7	184.94839857651246
5.99531025E7	187.5672131147541
6.01106665E7	187.97729283397229
6.02682305E7	189.6217239370996
6.04257945E7	190.88459335624285
6.05833585E7	187.43954769498404
6.07409225E7	190.8376117680992
6.08984865E7	191.79685681024446
6.10560505E7	194.58828596037898
6.12136145E7	192.79991243432573
6.13711785E7	191.6007882882883
6.15287425E7	187.06560527038155
6.16863065E7	190.25808297567954
6.18438705E7	190.9173747436273
6.20014345E7	193.06352520131225
6.21589985E7	193.2938307030129
6.23165625E7	190.7523282887078
6.24741265E7	189.31296615031556
6.26316905E7	191.373417721519
6.27892545E7	190.94182746878548
6.29467785E7	183.7470476190476
