# Position (bp)	A	C	G	T	N
0.0	29.066141914141376	21.803941787308034	17.601294617670582	31.528621680880008	0.0
1.0	30.224429095233145	19.290788142380137	23.716475969092272	26.76830679329444	0.0
2.0	28.609669810866944	20.47218035043511	22.624426553208128	28.29372328548982	0.0
3.0	28.394364207775695	21.394147729976957	21.90597954668628	28.30550851556107	0.0
4.0	28.670885211779357	20.741504627908846	21.36431147245025	29.223260760400088	3.7927461454320926E-5
5.0	28.53556529469775	21.487573431094606	21.633974351974473	28.342886922233173	0.0
6.0	28.27222676965061	21.032954086554955	21.88947461766293	28.805344526131506	0.0
7.0	28.674468668283804	21.21710926080416	21.335758417901552	28.772476686169803	1.8696684068293751E-4
8.0	28.437958928521446	21.150225323990707	21.388480952425382	29.02326015357486	7.464148760484797E-5
9.0	28.526174959759874	21.236974712766223	21.583513617968343	28.653299690073315	3.7019432240371614E-5
10.0	28.46495189736139	21.21249740294377	21.4001853671906	28.921775929672457	5.894028317859053E-4
11.0	28.56193702999752	21.279049481677365	21.414685654996372	28.74425437750783	7.34558209147086E-5
12.0	28.570428407789233	21.196499427262314	21.28051317296678	28.952009163802977	5.49828178694158E-4
13.0	28.474911777699933	21.247253404899453	21.41990959799328	28.857778807541234	1.4641186609609962E-4
14.0	28.4663808206077	21.281423475526097	21.45304756491037	28.79907535520291	7.278375291953829E-5
15.0	28.355668744359647	21.312880548305003	21.537243834088642	28.794098099837313	1.0877340939736994E-4
16.0	28.286172407330895	21.44531168033365	21.415428341127363	28.85203839828196	0.0010491729261288196
17.0	28.317781655160957	21.438268326957328	21.448780611157474	28.794013416709113	0.0011559900151362442
18.0	28.26980056270697	21.462179300509842	21.45084866127054	28.81699105132094	1.8042419170864236E-4
19.0	28.244261919320895	21.51596128793981	21.58325255746344	28.65652423527586	0.0
20.0	28.223275904692773	21.47665867208779	21.60772008320859	28.6923095113036	3.5828707250082226E-5
21.0	28.198748610849307	21.538122014913228	21.62779310051281	28.635336273724654	0.0
22.0	28.163775258290336	21.61178599933833	21.594100998148612	28.63033774422272	0.0
23.0	28.12344156787598	21.612769531784075	21.682987106311263	28.580801794028687	0.0
24.0	28.116833374783546	21.61477207188071	21.675719890514518	28.59260350366345	7.115915777444042E-5
25.0	28.166717851037504	21.584384092252577	21.757464190171536	28.49139836292855	3.550360982952942E-5
26.0	28.08918166342283	21.66074928170523	21.766095635767552	28.483760669819848	2.127492845418852E-4
27.0	28.126217802195626	21.7052206604438	21.775684909668307	28.39287662769227	0.0
28.0	28.074286683351524	21.645329095204595	21.81148139664233	28.468725803385148	1.770214164049995E-4
29.0	27.97177066810549	21.68860445177666	21.853861723449725	28.485657222519624	1.0593414850837657E-4
30.0	27.999345672945058	21.688297769576753	21.834357952153745	28.47669418177741	0.0013044235470308148
31.0	28.031890222578625	21.710792532887055	21.86571466505793	28.391567361896904	3.5217579488718226E-5
32.0	28.10001735092546	21.696399630175407	21.891201602620168	28.309284293681834	0.003097122597134388
33.0	28.102837128930215	21.620689849264334	21.930160923551462	28.34571405252671	5.98045727279891E-4
34.0	28.019974515708935	21.725656585659767	21.906448284058904	28.343777398334076	0.004143216238317799
35.0	28.030839463622964	21.72720272712147	21.81046421356589	28.43142324377887	7.035191081066154E-5
36.0	28.048883830227282	21.700955039211074	21.795717038910787	28.453776010762432	6.680808884209978E-4
37.0	28.05460033516286	21.73314625697319	21.853630556055425	28.355494758862697	0.003128092945834083
38.0	28.037953933962573	21.73162451846904	21.863499786181453	28.3645323347404	0.002389426646534576
39.0	27.999793653149897	21.704109144850225	21.870765810011402	28.424348787940364	9.826040481181204E-4
40.0	28.0003142406424	21.692739989015607	21.922703816270232	28.38245330755812	0.0017886465136473728
41.0	28.085843405709966	21.70958801884268	21.86805984406709	28.333317552779814	0.003191178600447256
42.0	27.987053827163265	21.722176140590502	21.866404246770994	28.424260611844094	1.0517363114766167E-4
43.0	27.964263768358776	21.721429996098557	21.880327020100665	28.428160352440816	0.005818863001180248
44.0	27.9905258848362	21.83686884906591	21.82527661145236	28.342635724614663	0.0046929300308647705
45.0	27.983878986663157	21.797224793673156	21.85849612835189	28.349126165730908	0.011273925580887266
46.0	28.08812132668759	21.75984210469179	21.881954626810895	28.269241477074747	8.404647349752045E-4
47.0	27.981628246868066	21.820921276820734	21.81959070081438	28.36942112240389	0.008438653092923926
48.0	27.961332575148536	21.920317765334335	21.835372122142452	28.27933600938954	0.003641527985142566
49.0	27.948422552639908	21.80881517171485	21.864702638084385	28.372180430078025	0.005879207482831314
50.0	28.035788089324644	21.73654683293397	21.859801986850684	28.362123782190434	0.005739308700267053
51.0	28.004386440967565	21.737952167906013	21.992322327782823	28.262047832093984	0.003291231249610479
52.0	27.97270375025822	21.769774550343655	21.936927316207235	28.31250634613297	0.008088037057915247
53.0	27.931005139666055	21.81831488850283	21.782315864818763	28.46738358885753	9.80518154818914E-4
54.0	28.032493648004387	21.842847234549254	21.850444770986794	28.263150652845454	0.011063693614113072
55.0	28.067132771126786	21.74250174325123	21.837167902323294	28.348399483486308	0.0047980998123837906
56.0	28.108320132865817	21.78751915221626	21.854400742007073	28.24295964355057	0.006800329360281799
57.0	28.114366686602576	21.800584334861597	21.767455198539935	28.317383436273214	2.1034372267722686E-4
58.0	28.05261397133858	21.80620401327237	21.796069487080757	28.342026582616725	0.003085945691563936
59.0	28.040136645836395	21.848604521404656	21.752373083393447	28.356991981999393	0.0018937673661097705
60.0	28.13302831652267	21.82249298956128	21.711673490242234	28.33227882859789	5.263750759296048E-4
61.0	27.988001367537706	21.808431579720384	21.8170753175256	28.38424295790113	0.002248777315177736
62.0	28.016259585419935	21.799245572668546	21.77197288054104	28.409921214956256	0.0026007464142208817
63.0	28.06689384659308	21.762404769372058	21.786700270168783	28.383368235408284	6.32878457801774E-4
64.0	28.106873413442784	21.72610390263617	21.81062649070867	28.35632584565676	7.034755561589813E-5
65.0	28.021206288446663	21.783275860434763	21.794509492243353	28.396269170455966	0.004739188419248969
66.0	27.993664670726083	21.84130443346427	21.712396029128726	28.45214244712821	4.924195527142165E-4
67.0	27.966360237519243	21.85201671431713	21.7074290741148	28.471202990983063	0.0029909830657576424
68.0	28.031594159214507	21.814245048755375	21.762130390874017	28.391959975942747	7.042521335318385E-5
69.0	28.0988784544681	21.774578442272023	21.778385310002406	28.346606847145097	0.0015509461123773252
70.0	28.192330547208243	21.710591123873645	21.755114045410558	28.341893668247387	7.061526016956843E-5
71.0	28.057351999436435	21.724531845878982	21.74488675766079	28.473087797637486	1.4159938630825972E-4
72.0	28.101199458720345	21.68119053185686	21.72713553954388	28.49047446987892	0.0
73.0	28.17913608125994	21.731638385026702	21.64328152827579	28.445802180627368	1.418248101940837E-4
74.0	28.135918407487527	21.69822742134131	21.64767056813619	28.518183603034974	0.0
75.0	28.22945688335428	21.551438597190295	21.698623040965092	28.52048147849033	0.0
76.0	28.22792998369256	21.570440415025686	21.727695796336967	28.473862406360755	7.139858402328165E-5
77.0	28.3608359735463	21.538563783698223	21.66090625615241	28.43969398660307	0.0
78.0	28.33843502312126	21.508228106882576	21.6546430862117	28.49869378378446	0.0
79.0	28.354705800989155	21.49991650726602	21.587673462425762	28.557704229319064	0.0
80.0	28.33449035646374	21.537051330145413	21.568384378894173	28.560073934496682	0.0
81.0	28.47227961202608	21.421892587218167	21.533259882403932	28.57249574252863	7.217582319232944E-5
82.0	28.49026264328222	21.365502297464893	21.500543161957637	28.642571975733105	0.001119921562138848
83.0	28.486932888368223	21.391828107622317	21.50695270050746	28.61276674570779	0.001519557794209906
84.0	28.48567965046475	21.471767065462437	21.364794600175	28.677686160192533	7.252370527961696E-5
85.0	28.445766798598786	21.351021336608888	21.368964105363723	28.834138574223196	1.0918520540466766E-4
86.0	28.61363692106746	21.318913916565112	21.28011005653283	28.787302498419475	3.660741512479285E-5
87.0	28.572737840672513	21.252487807953873	21.291493557269348	28.882657581944148	6.232121601156682E-4
88.0	28.362566977314312	21.392334713377316	21.376943751728728	28.868154557579643	0.0
89.0	28.53762827612073	21.268470029790787	21.290354431517663	28.903031468590722	5.157939800947734E-4
90.0	28.273402923250423	21.474316966596398	21.351805243013054	28.90043784334938	3.70237907474585E-5
91.0	28.701809698575147	21.30429217016414	21.242303155020682	28.751594976240032	0.0
92.0	28.398457043329472	21.299786938563674	21.289765796946245	29.011840651882743	1.4956927787204797E-4
93.0	28.445531416950647	21.848097383604852	21.082784087692335	28.623587111752162	0.0
94.0	28.011376707343842	21.56634548879442	21.51216531316631	28.91011249069543	0.0
95.0	28.83878174575188	21.318463478687526	20.84604528450124	28.99663365540735	7.583565200839349E-5
96.0	27.992297106349206	21.802466368917642	21.47776438018032	28.727395391925775	7.675262705054236E-5
97.0	27.956158488771443	22.581356353487	20.517599474874547	28.944847206500352	3.847636666130563E-5
98.0	26.399633863034648	23.582348954018528	19.383205977147338	30.634811205799483	0.0
99.0	31.19539137831034	17.53182635954962	21.920069849276704	29.35267353859981	3.887426352707748E-5
100.0	NaN	NaN	NaN	NaN	NaN
